1	0 	0	1002	0
2	0 	0	1003	36
3	0 	0	1011	40 
4	0 	0 	1006	0 
5	0 	0 	1012	0 
6	0	0	1021	0.2
7	0 	0	1021 	8 
8	0 	0	1001	0.2
9	10	3.1 	1021.2	0.2
10	22	6.4 	1011.9	24 
11	22	6.3	1010.4	135
12	27	5.4	1006.8	70 
1	26	5.4	1008.7	52
2	20	6.4	1014.2	20
3	18	5.9	1013.3	0
4	21	5.8	1009.3	29
5	15	4.5	1015.6	23
6	13	5.5	1015.5	9.6
7	14	4.6	1016.7	0.6
8	19	5.9	1016.4	0
9	19	2.8	1010.4	7.2
10	22	6.4	1010.8	34
11	22	6.5	1010.9	190
12	24	5.4	1009.4	57
1	25	5.4	1010.3	316	
2	25	5.9	1010.8	108	
3	23	4.2	1012.8	205	
4	21	4.6	1013.8	74	
5	17	4.3	1015.7	79	
6	14	4.9	1016.2	14
7	13	5.1	1016.2	41	
8	16	7	1012.6	166 	
9	16	6.9	1014.3	37	
10	17	7.7	1015.3	66
11	21	6.3	1010.9	149	
12	25	5.5	1008.3	142	
1	27 	2.1	1012.4	0
2	25	5.6	1013.8	2.8	
3	22	4.8	1011.9	3.8
4	28	3.3	1007.4	0
5	25	9.1	1011	0
6	22	5.1	1016.6	0
7	23	3.7	1015.4	0
8	24	3.6	1011.7	0
9	27	4.4	1008.8	0
10	26	5 	1005.5	5	
11	19	7.9	1013	9.6	
12	21	2.7	1010.9	0
1	27	5.8	1009.5	103	
2	27	4.5	1009.9	92	
3	21	2.3	1013.8	13	
4	18	3.5	1010.9	110	
5	12	2.2	1019.8	7.6	
6	10	1.7	1020.6	16	
7	12	0.3	1018.9	0.02
8	15	5.7	1023.2	0	
10	18	3.3	1011.3	10	
